SM:2022-05-27T12:02:06.1740268Z
LM:2022-06-02T19:23:57.2285560Z
CT:image/webp
MA:604800
CL:170478
