SM:2022-05-27T12:02:06.1740268Z
LM:2022-06-02T19:21:06.8706458Z
CT:image/png
MA:604800
CL:61341
