SM:2022-05-27T12:02:06.1740268Z
LM:2022-06-02T19:24:17.1916792Z
CT:image/jpeg
MA:604800
CL:18827
