SM:2022-06-03T21:23:24.5160019Z
LM:2022-06-03T21:40:52.5779270Z
CT:image/webp
MA:604800
CL:102002
