SM:2022-06-03T21:23:24.5160019Z
LM:2022-06-03T21:40:45.5778222Z
CT:image/webp
MA:604800
CL:23120
