SM:2022-05-27T12:02:06.1740268Z
LM:2022-06-02T19:21:38.2467864Z
CT:image/png
MA:604800
CL:97897
