SM:2022-06-03T20:59:41.5669914Z
LM:2022-06-03T21:40:45.5876424Z
CT:image/webp
MA:604800
CL:8082
