SM:2022-05-27T12:02:06.1740268Z
LM:2022-06-02T19:23:07.7864414Z
CT:image/png
MA:604800
CL:32463
